fed
funds
dealer
comm
paper
disc
certs
deposit
effective
7
15
30
60
90
180
1-mo
3-mo
6-mo04/01
6.18
5.69
5.67
5.67
5.69
5.72
5.77
5.60
5.69
5.8703/31
7.07
6.08
5.86
5.74
5.75
5.77
5.80
5.64
5.69
5.8703/28
5.52
6.01
5.80
5.70
5.73
5.75
5.79
5.64
6.67
6.8403/27
5.68
5.92
5.76
5.68
5.69
5.71
5.75
5.61
5.66
5.8303/26
5.61
5.81
5.71
5.67
5.68
5.70
5.75
5.62
5.66
5.8303/25
5.57
5.69
5.66
5.63
5.66
5.68
5.73
5.60
5.64
5.7903/24
5.47
5.55
5.62
5.61
5.64
5.66
5.71
5.56
5.63
5.7703/21
5.28
5.40
5.59
5.59
5.62
5.65
5.70
5.53
5.62
5.7703/20
5.32
5.33
5.51
5.51
5.54
5.57
5.62
5.43
5.55
5.71
