delphis
hanover
weekly
muni
bond
yields
calculated
april
3
aaa
aa
baa
1998
3.80
3.80
4.00
4.00
4.30
4.30
4.65
4.65
2002
4.65
4.65
4.85
4.85
5.10
5.10
5.45
5.45
2007
5.10
5.10
5.30
5.30
5.60
5.60
5.95
5.95
2012
5.45
5.45
5.65
5.65
5.95
5.95
6.25
6.25
2017
5.65
5.65
5.90
5.90
6.20
6.20
6.50
6.50
2022
5.75
5.75
6.00
6.00
6.30
6.30
6.60
6.60
2027
5.80
5.80
6.05
6.05
6.35
6.35
6.65
6.65
previous
calculation
march
27
municipal
desk
212-859-1650
