reserve
bank
india
rbi
announced
following
transactions
dated
governmentsecurities
treasury
bills
subsidiary
generalledger
sgl
account
march
31
price
ytm
instrument
face
value
rupees
indicative
million
rupeeoutright
transactions
government
indiadated
securities
13.50
1997
100.00
101.53
9.6116
13.50
1997
100.00
101.51
9.6606
13.50
1997
100.00
101.53
9.6116
13.50
1997
50.00
101.53
9.6116
13.50
1997
50.00
101.48
9.7342
13.50
1998
c
00.57
102.14
11.2602
13.50
1998
c
50.00
103.20
10.1864
13.50
1998
c
50.00
103.20
10.1864
13.62
1998
50.00
102.80
11.2656
13.62
1998
100.00
102.70
11.3466
13.65
1998
50.00
102.69
11.4605
13.65
1998
00.20
103.10
11.1388
zero
coupon
bond
1999
150.00
80.720
12.2797
zero
coupon
bond
1999
50.00
80.670
12.3163
zero
coupon
bond
1999
50.00
80.550
12.4043
zero
coupon
bond
1999
50.00
80.650
12.3310
13.65
1999
50.00
102.54
12.0516
13.70
1999
50.00
103.13
12.0032
13.70
1999
100.00
103.105
12.0162
13.12
1999
250.00
101.28
12.4778
13.12
1999
00.35
101.31
12.4632
13.40
1999
50.00
102.40
12.3164
13.40
1999
00.20
102.35
12.3382
zero
coupon
bond
2000
iii
50.00
65.850
13.1381
zero
coupon
bond
2000
iii
200.00
65.900
13.1135
zero
coupon
bond
2000
iii
100.00
65.900
13.1135
zero
coupon
bond
2000
iii
50.00
65.950
13.0889
13.85
2001
250.00
102.22
13.1145
13.85
2001
02.50
102.22
13.1145
13.85
2001
460.00
102.22
13.1145
13.85
2001
250.00
102.22
13.1145
13.85
2001
100.00
102.22
13.1145
13.85
2001
200.00
102.22
13.1145
11.75
2001
09.87
95.25
13.1983
11.75
2001
50.00
95.55
13.1036
13.55
2001
50.00
102.20
12.8936
13.55
2001
89.49
102.22
12.8878
13.55
2001
25.00
102.30
12.8648
11.00
2002
250.00
92.69
12.9934
13.82
2002
50.00
102.10
13.2638
12.50
2004
100.00
96.00
13.3982
12.50
2004
40.00
96.00
13.3982
12.50
2004
20.00
95.975
13.4039
12.50
2004
00.31
96.25
13.3404
14.00
2005
00.225
103.63
13.2495
14.00
2006
50.00
102.59
13.4925
14.00
2006
33.77
102.59
13.4925
14.00
2006
20.00
102.58
13.4944
14.00
2006
02.00
102.58
13.4944
14.00
2006
50.00
102.59
13.4925
14.00
2006
40.00
102.75
13.4619
14.00
2006
104.00
102.58
13.4944
14.00
2006
04.00
102.58
13.4944
14.00
2006
50.00
102.59
13.4925
14.00
2006
50.00
102.59
13.4925
14.00
2006
07.50
102.15
13.5772
14.00
2006
30.00
102.74
13.4638
14.00
2006
50.00
102.65
13.4810
14.00
2006
50.00
102.75
13.4619
14.00
2006
100.00
102.70
13.4714
13.65
2007
01.50
101.40
13.3835
13.65
2007
00.783
101.40
13.3835
13.65
2007
01.35
101.40
13.3835
13.65
2007
01.00
101.40
13.3835
13.65
2007
00.487
101.40
13.3835
13.65
2007
15.00
101.00
13.4571
total
4510.105
state
government
securities
13.85
kerala
sdl
2006
00.15
106.97
12.5388
13.85
kerala
sdl
2006
00.25
106.97
12.5388
13.85
uttar
pradesh
sdl
2006
00.03
104.00
13.0787
13.75
maharashtra
sdl
2007
00.15
102.44
13.2878
13.75
maharashtra
sdl
2007
00.28
101.89
13.3883
13.75
gujarat
sdl
2007
00.30
102.05
13.3590
13.75
m
p
sdl
2007
04.50
100.50
13.6458
13.75
maharashtra
sdl
2007
00.80
102.00
13.3682
13.75
maharashtra
sdl
2007
00.80
102.00
13.3682
total
07.26
treasury
bills91
day
bills
maturity
wise
05/04/97
50.00
99.9179
5.9818
05/04/97
50.00
99.9247
5.4860
05/04/97
01.50
99.8755
6.4821
05/04/97
50.00
99.9247
5.4860
12/04/97
100.00
99.7900
6.3834
12/04/97
71.00
99.8031
5.9844
12/04/97
50.00
99.8113
5.7347
12/04/97
02.50
99.8359
4.9859
12/04/97
200.00
99.8195
5.4851
12/04/97
20.00
99.7917
6.3316
12/04/97
150.00
99.7802
6.6820
19/04/97
50.00
99.6447
6.8311
26/04/97
200.00
99.5003
7.0309
26/04/97
42.50
99.4862
7.2303
26/04/97
07.50
99.4862
7.2303
26/04/97
70.00
99.5038
6.9814
26/04/97
20.00
99.4545
7.6789
10/05/97
750.00
99.2117
7.2305
10/05/97
150.00
99.2117
7.2305
10/05/97
300.00
99.2117
7.2305
17/05/97
330.00
99.0624
7.3301
total
2665.00
364
day
bills
maturity
wise
11/04/97
00.60
99.7670
7.7282
06/06/97
50.00
98.5171
8.1776
04/07/97
100.00
97.6491
9.2245
18/07/97
05.00
97.3261
9.1747
18/07/97
50.00
97.3402
9.1250
18/07/97
100.00
97.3402
9.1250
18/07/97
100.00
97.1989
9.6237
18/07/97
100.00
97.2837
9.3242
15/08/97
100.00
96.5570
9.4740
12/09/97
100.00
95.8823
9.4740
26/09/97
100.00
95.4814
9.6235
26/09/97
110.00
95.5261
9.5239
26/09/97
100.00
95.5127
9.5537
10/10/97
100.00
95.3370
9.2246
10/10/97
50.00
95.3851
9.1249
10/10/97
50.00
95.3370
9.2246
02/01/98
50.00
92.9463
9.9726
30/01/98
100.00
92.2882
9.9727
27/02/98
100.00
91.5170
10.1322
27/02/98
100.00
91.5629
10.0723
27/02/98
100.00
91.6395
9.9726
27/02/98
180.00
91.6012
10.0224
28/03/98
100.00
90.8200
10.1638
28/03/98
100.00
90.8296
10.1520
total
2045.60
repo
transactions
rbi
price
repo
rate
repo
instrument
face
value
rupees
pa
period
million
rupee
days
government
indiadated
securities
13.50
1997
500.00
101.48
7.35
3
13.50
1998
conv
170.00
103.17
7.35
3
13.50
1998
conv
100.00
103.20
8.50
3
13.50
1998
conv
50.00
103.05
6.50
3
13.50
1998
conv
50.00
103.15
5.50
3
13.50
1998
conv
50.00
103.15
5.65
3
13.70
1999
100.00
103.05
7.40
3
13.85
2001
200.00
102.50
7.50
3
total
1220.00
treasury
bills91
day
bills
maturity
wise
n
l
364
day
bills
maturity
wise
n
l
relate
leg
repos
