date
bids
bids
cut
weighted
received
million
accepted
accepted
average
rupees
percentage
31/03
5
10,000
4
9,750
5.00
4.964127/03
5
13,250
5
13,250
5.00
4.999222/03
4
15,150
4
15,150
5.0020/03
4
14,550
4
14,550
5.00
5.000015/03
9
18,300
6
16,050
5.00
5.000012/03
19
29,000
19
29,000
5.00
4.966708/03
13
18,300
11
18,100
5.00
4.994505/03
28
30,450
27
30,350
5.00
4.988701/03
10
10,900
7
10,500
5.00
4.970226/02
36
42,040
35
41,940
5.00
4.922422/02
9
14,600
8
14,400
5.00
4.985419/02
17
16,600
14
16,400
5.00
4.949515/02
6
6,000
4
5,000
5.00
4.970013/02
17
17,500
9
13,800
5.00
4.965608/02
44
35,100
37
33,350
5.00
4.915406/02
48
29,400
14
14,800
5.00
4.921301/02
59
48,900
44
36,650
4.90
4.783129/01
72
67,430
41
35,380
4.90
4.734925/01
30
33,850
28
33,300
5.00
4.946422/01
45
33,350
34
29,850
5.00
4.911818/01
40
22,900
17
11,950
5.00
4.872016/01
42
28,600
33
22,500
5.00
4.342313/01
16
6,200
12
5,350
5.25
bombay
newsroom
91-22-265
9000
