reserve
bank
india
rbi
announced
following
transactions
dated
government
securities
treasury
bills
subsidiary
general
ledger
sgl
account
april
2
price
ytm
instrument
face
value
rupees
indicative
million
rupeeoutright
transactions
government
indiadated
securities
13.50
1997
50.00
101.55
9.5359
13.50
1997
50.00
101.52
9.6098
13.50
1997
50.00
101.58
9.4620
13.50
1997
150.00
101.63
9.3389
13.50
1997
50.00
101.63
9.3389
13.50
1997
50.00
101.60
9.4127
13.50
1997
50.00
101.60
9.4127
13.50
1998
c
50.00
103.44
9.9376
13.50
1998
c
50.00
103.35
10.0281
13.50
1998
c
50.00
103.33
10.0482
13.50
1998
c
57.00
103.31
10.0683
13.50
1998
c
50.00
103.30
10.0784
13.50
1998
c
50.00
103.22
10.1589
13.50
1998
c
50.00
103.25
10.1287
13.50
1998
c
50.00
103.26
10.1186
13.50
1998
c
50.00
103.28
10.0985
13.50
1998
c
50.00
103.15
10.2295
13.50
1998
c
50.00
103.40
9.9778
13.50
1998
c
50.00
103.23
10.1488
13.50
1998
c
70.00
103.37
10.0080
13.50
1998
c
50.00
103.35
10.0281
13.50
1998
c
50.00
103.35
10.0281
13.50
1998
c
50.00
103.28
10.0985
13.50
1998
c
50.00
103.30
10.0784
13.50
1998
c
50.00
103.35
10.0281
13.62
1998
50.00
102.93
11.1555
13.62
1998
50.00
102.90
11.1798
13.62
1998
100.00
102.87
11.2041
13.62
1998
50.00
102.95
11.1393
13.65
1999
90.00
102.60
12.0128
13.65
1999
50.00
102.70
11.9521
13.65
1999
50.00
102.60
12.0128
13.65
1999
100.00
102.65
11.9824
13.65
1999
50.00
102.75
11.9217
13.70
1999
50.00
103.20
11.9649
13.70
1999
100.00
103.11
12.0119
13.70
1999
50.00
103.11
12.0119
13.70
1999
50.00
103.20
11.9649
13.70
1999
50.00
103.19
11.9701
13.70
1999
50.00
103.30
11.9127
13.70
1999
50.00
103.30
11.9127
13.12
1999
100.00
101.37
12.4329
13.12
1999
100.00
101.37
12.4329
13.12
1999
100.00
101.37
12.4329
13.12
1999
100.00
101.37
12.4329
13.12
1999
100.00
101.37
12.4329
13.12
1999
00.90
101.31
12.4622
13.40
1999
50.00
102.70
12.1853
13.40
1999
50.00
102.60
12.2286
13.40
1999
50.00
102.60
12.2286
13.40
1999
100.00
102.66
12.2026
13.40
1999
50.00
102.61
12.2243
13.40
1999
50.00
102.65
12.2069
13.40
1999
50.00
102.65
12.2069
13.40
1999
50.00
102.67
12.1983
13.40
1999
50.00
102.65
12.2069
zero
coupon
bond
2000
iii
50.00
66.000
13.0757
11.64
2000
50.00
97.12
12.7155
13.85
2001
250.00
102.29
13.0909
13.85
2001
250.00
102.29
13.0909
13.85
2001
150.00
102.29
13.0909
13.85
2001
150.00
102.29
13.0909
13.85
2001
100.00
102.29
13.0909
13.85
2001
50.00
102.29
13.0909
13.85
2001
50.00
102.25
13.1040
13.85
2001
150.00
102.29
13.0909
13.85
2001
100.00
102.29
13.0909
13.85
2001
50.00
102.29
13.0909
13.85
2001
100.00
102.29
13.0909
13.85
2001
200.00
102.29
13.0909
13.85
2001
100.00
102.29
13.0909
13.85
2001
150.00
102.29
13.0909
13.85
2001
250.00
102.29
13.0909
11.00
2002
50.00
92.89
12.9370
13.82
2002
100.00
102.50
13.1598
12.50
2004
00.10
96.50
13.2829
12.50
2004
06.30
96.35
13.3174
12.35
2004
22.04
96.41
13.1308
14.00
2006
50.00
102.90
13.4329
14.00
2006
50.00
102.60
13.4903
14.00
2006
50.00
102.75
13.4616
14.00
2006
50.00
102.67
13.4769
14.00
2006
50.00
102.75
13.4616
14.00
2006
50.00
102.80
13.4520
14.00
2006
50.00
102.72
13.4673
total
6096.34
state
government
securities
13.75
gujarat
sdl
2007
01.00
102.20
13.3315
total
01.00
treasury
bills91
day
bills
maturity
wise
05/04/97
250.00
99.9671
3.9932
05/04/97
02.00
99.9712
3.4954
05/04/97
50.00
99.9671
3.9932
12/04/97
50.00
99.8550
5.2857
12/04/97
100.00
99.8632
4.9863
12/04/97
135.00
99.8864
4.1397
19/04/97
50.00
99.7677
4.9835
19/04/97
50.00
99.7793
4.7360
03/05/97
116.00
99.4510
6.4819
total
803.00
364
day
bills
maturity
wise
11/04/97
10.00
99.8953
4.2390
18/07/97
50.00
97.3877
9.1251
18/07/97
20.00
97.6386
8.2275
18/07/97
145.00
97.4991
8.7260
15/08/97
100.00
96.6747
9.2744
12/09/97
50.00
95.9302
9.4740
total
375.00
repo
transactions
rbi
price
repo
rate
repo
instrument
face
value
rupees
pa
period
million
rupee
days
government
indiadated
securities
13.50
1998
250.00
101.50
3.75
3
13.65
1998
500.00
102.75
5.65
10
13.65
1998
500.00
102.75
5.15
10
13.85
2001
250.00
102.29
4.70
7
total
1500.00
treasury
bills91
day
bills
maturity
wise
n
l
364
day
bills
maturity
wise
n
l
relate
leg
repos
