date
notified
competitive
min
rate
yield
total
mln
rs
bids
accepted
rupees
maturity
b
pct
million
rupees
b
total
competitive
bids04/04
1,000
28
3
98.23
7.23
1,000.0
1,000.027/03
1,000
13
9
98.05
7.98
228.8
1,000.021/03
1,000
9
2
98.05
7.98
14.8
1,000.014/03
5,000
12
0
98.10
7.77
06/03
5,000
13
6
98.05
7.98
304.4
304.428/02
5,000
13
6
98.05
7.98
1,505.5
5,000.021/02
5,000
15
5
98.05
7.98
864.2
4,864.214/02
5,000
22
11
98.05
7.98
1,868.6
1,868.607/02
5,000
33
21
98.10
7.77
5,000.0
5,000.031/01
5,000
84
8
98.16
7.52
4,629.0
5,000.024/01
5,000
27
16
98.02
8.10
5,000.0
5,000.017/01
5,000
17
9
98.01
8.14
2,005.2
5,000.010/01
5,000
33
28
98.00
8.19
5,000.0
5,000.003/01
5,000
9
8
98.00
8.19
1,623.6
1,623.6
1996
27/12
5,000
14
6
98.00
8.19
1,425.0
1,425.020/12
5,000
13
5
98.00
8.19
674.0
674.013/12
5,000
29
9
98.00
8.19
2,150.0
3,150.006/12
5,000
68
36
98.03
8.06
4,082.0
5,000.029/11
5,000
34
32
98.00
8.19
4,730.7
5,000.022/11
5,000
10
1
98.00
8.19
20.0
1,020.015/11
5,000
11
0
98.23
7.23
00.0
500.008/11
5,000
20
9
98.23
7.23
1,773.3
4,273.302/11
5,000
88
15
98.30
6.94
4,884.0
5,000.026/10
5,000
37
9
97.84
8.86
4,108.9
5,000.018/10
5,000
28
17
97.55
10.07
3,039.6
5,000.011/10
5,000
42
17
97.54
10.11
4,728.1
5,000.004/10
5,000
17
12
97.52
10.20
2,700.0
4,700.027/09
5,000
17
7
97.52
10.20
1,092.1
5,000.020/09
5,000
22
6
97.53
10.16
500.0
3,500.013/09
5,000
20
8
97.56
10.03
759.8
5,000.006/09
5,000
33
22
97.57
9.99
2,343.1
5,000.030/08
5,000
35
28
97.57
9.99
4,343.7
5,000.023/08
5,000
17
6
97.57
9.99
2,250.0
5,000.016/08
5,000
39
30
97.69
9.48
3,870.7
5,000.009/08
5,000
100
22
97.93
8.48
4,059.1
5,000.002/08
5,000
82
6
97.79
9.06
4,166.17
5,000.026/07
5,000
97
40
97.69
9.48
4,157.2
5,000.019/07
5,000
156
31
97.75
9.23
3,493.9
5,000.012/07
5,000
193
27
97.59
9.90
4,806.3
5,000.005/07
5,000
191
26
97.12
11.89
3,907.0
5,000.028/06
5,000
39
30
96.99
12.45
4,392.2
5,000.021/06
5,000
37
27
96.99
12.45
2,471.1
5,000.014/06
5,000
31
21
96.99
12.45
4,588.7
5,000.007/06
5,000
28
17
96.99
12.45
3,293.2
5,000.031/05
5,000
19
17
96.99
12.45
2,586.5
4,386.524/05
5,000
20
13
97.00
12.40
1,868.3
5,000.017/05
5,000
35
27
97.00
12.40
2,844.8
5,000.010/05
5,000
48
31
97.00
12.40
4,330.6
5,000.002/05
5,000
51
35
96.99
12.45
4,803.3
5,000.026/04
5,000
92
38
96.98
12.49
4,620.3
5,000.018/04
5,000
93
34
96.94
12.66
4,177.6
5,000.012/04
5,000
81
34
96.89
12.87
4,871.6
5,000.004/04
5,000
12
11
96.86
13.0
2,955.0
4,455.029/03
5,000
7
3
96.86
13.0
110.0
5,000.022/03
5,000
7
4
96.86
13.0
120.0
5,000.015/03
5,000
6
3
96.86
13.0
160.0
5,000.008/03
5,000
7
3
96.86
13.0
90.0
1,090.001/03
5,000
11
8
96.86
13.0
1,079.8
2,079.823/02
5,000
6
4
96.86
13.0
301.0
1,301.016/02
5,000
9
7
96.86
13.0
879.8
1,388.209/02
5,000
10
6
96.86
13.0
362.6
1,141.302/02
5,000
13
10
96.86
13.0
1,548.0
2,053.325/01
5,000
20
17
96.86
13.0
2,143.5
3,649.819/01
5,000
24
11
96.86
13.0
1,453.6
1,953.612/01
5,000
17
10
96.86
13.0
1,117.0
1,617.0
5/01
5,000
10
3
96.86
13.0
65.0
1,065.0
